0  0.000007
32768  0.000040
65536  0.000060
98304  0.000064
131072  0.000077
163840  0.000093
196608  0.000102
229376  0.000115
262144  0.000129
294912  0.000139
327680  0.000152
360448  0.000165
393216  0.000180
425984  0.000191
458752  0.000204
491520  0.000219
524288  0.000231
557056  0.000245
589824  0.000257
622592  0.000270
655360  0.000284
688128  0.000298
720896  0.000309
753664  0.000323
786432  0.000336
819200  0.000350
851968  0.000364
884736  0.000378
917504  0.000390
950272  0.000402
983040  0.000416
1015808  0.000429
1048576  0.000441
